       0.000000        0.000000        0.000000        3.141593        0.000000        3.141593    -2781.935901        0.000000
       0.010000        0.000000       -1.738710        3.141593       -0.978521        3.141593    -2630.693877   331406.718721
       0.020000       -0.017387       -3.382894        3.131807       -1.903844        3.141593    -2478.966077   315396.549223
       0.030000       -0.051216       -4.932367        3.112769       -2.775843        3.141474    -2325.469142   300088.336851
       0.040000       -0.100540       -6.386402        3.085011       -3.593663        3.140965    -2168.633604   285431.500951
       0.050000       -0.164404       -7.743687        3.049074       -4.355483        3.139670    -2006.978127   271385.734528
       0.060000       -0.241841       -9.002398        3.005519       -5.058532        3.137105    -1839.424557   257921.474198
       0.070000       -0.331865      -10.160377        2.954934       -5.699332        3.132723    -1665.548020   245017.796101
       0.080000       -0.433468      -11.215373        2.897940       -6.274139        3.125950    -1485.751291   232658.747003
       0.090000       -0.545622      -12.165316        2.835199       -6.779524        3.116218    -1301.349439   220829.098931
       0.100000       -0.667275      -13.008610        2.767404       -7.213030        3.102994    -1114.552493   209510.457745
       0.110000       -0.797361      -13.744414        2.695274       -7.573799        3.085812     -928.342841   198678.527060
       0.120000       -0.934805      -14.372896        2.619536       -7.863065        3.064292     -746.259764   188302.096359
       0.130000       -1.078534      -14.895452        2.540905       -8.084416        3.038159     -572.121271   178343.975572
       0.140000       -1.227489      -15.314883        2.460061       -8.243769        3.007243     -409.726676   168763.679543
       0.150000       -1.380638      -15.635536        2.377623       -8.349048        2.971475     -262.586083   159521.273053
       0.160000       -1.536993      -15.863419        2.294133       -8.409636        2.930869     -133.713301   150581.539687
       0.170000       -1.695627      -16.006299        2.210036       -8.435669        2.885498      -25.499916   141917.614843
       0.180000       -1.855690      -16.073793        2.125680       -8.437307        2.835471       60.332408   133513.419434
       0.190000       -2.016428      -16.077465        2.041306       -8.424049        2.780903      122.719529   125364.558567
       0.200000       -2.177203      -16.030925        1.957066       -8.404176        2.721895      161.206379   117477.687344
       0.210000       -2.337512      -15.949927        1.873024       -8.384332        2.658520      175.884454   109868.597884
       0.220000       -2.497011      -15.852464        1.789181       -8.369258        2.590808      167.331706   102559.411750
       0.230000       -2.655536      -15.758835        1.705488       -8.361656        2.518751      136.565580    95575.287002
       0.240000       -2.813124      -15.691675        1.621872       -8.362173        2.442305       85.014931    88941.010269
       0.250000       -2.970041      -15.675905        1.538250       -8.369474        2.361402       14.511390    82677.781204
       0.260000       -3.126800      -15.738569        1.454555       -8.380404        2.275973      -72.704999    76800.436703
       0.270000       -3.284186      -15.908489        1.370751       -8.390225        2.185967     -173.976683    71315.318666
       0.280000       -3.443271      -16.215679        1.286849       -8.392940        2.091380     -286.231176    66218.960837
       0.290000       -3.605428      -16.690446        1.202920       -8.381700        1.992279     -406.011999    61497.743327
       0.300000       -3.772332      -17.362139        1.119103       -8.349285        1.888832     -529.552566    57128.615527
       0.310000       -3.945953      -18.257539        1.035610       -8.288651        1.781330     -652.901319    53080.898195
       0.320000       -4.128529      -19.398962        0.952723       -8.193509        1.670204     -772.096424    49319.036142
       0.330000       -4.322518      -20.802238        0.870788       -8.058873        1.556029     -883.376455    45806.000257
       0.340000       -4.530541      -22.474794        0.790199       -7.881522        1.439527     -983.402467    42506.874022
       0.350000       -4.755289      -24.414178        0.711384       -7.660316        1.321545    -1069.460174    39392.063928
       0.360000       -4.999431      -26.607302        0.634781       -7.396304        1.203031    -1139.611284    36439.597469
       0.370000       -5.265504      -29.030664        0.560818       -7.092624        1.084994    -1192.770943    33636.135087
       0.380000       -5.555810      -31.651590        0.489892       -6.754186        0.968464    -1228.701970    30976.590922
       0.390000       -5.872326      -34.430384        0.422350       -6.387224        0.854445    -1247.932049    28462.554185
       0.400000       -6.216630      -37.323081        0.358478       -5.998750        0.743874    -1251.612911    26099.936656
       0.410000       -6.589861      -40.284383        0.298490       -5.596026        0.637589    -1241.347573    23896.375785
       0.420000       -6.992705      -43.270386        0.242530       -5.186088        0.536303    -1219.012133    21858.882190
       0.430000       -7.425408      -46.240778        0.190669       -4.775384        0.440588    -1186.593613    19992.071736
       0.440000       -7.887816      -49.160353        0.142915       -4.369542        0.350877    -1146.057609    18297.130350
       0.450000       -8.379420      -51.999816        0.099220       -3.973240        0.267462    -1099.251505    16771.486291
       0.460000       -8.899418      -54.735963        0.059487       -3.590194        0.190507    -1047.842552    15409.047836
       0.470000       -9.446778      -57.351402        0.023585       -3.223207        0.120062     -993.285996    14200.813587
       0.480000      -10.020292      -59.833960       -0.008647       -2.874262        0.056082     -936.816513    13135.665982
       0.490000      -10.618631      -62.175948       -0.037389       -2.544644       -0.001561     -879.455981    12201.194765
       0.500000      -11.240391      -64.373363       -0.062836       -2.235062       -0.053060     -822.031438    11384.445948
       0.510000      -11.884124      -66.425143       -0.085186       -1.945770       -0.098655     -765.198322    10672.538487
       0.520000      -12.548376      -68.332490       -0.104644       -1.676670       -0.138626     -709.465463    10053.128013
       0.530000      -13.231701      -70.098294       -0.121411       -1.427398       -0.173276     -655.219452     9514.722225
       0.540000      -13.932684      -71.726666       -0.135685       -1.197406       -0.202927     -602.746995     9046.867114
       0.550000      -14.649950      -73.222555       -0.147659       -0.986012       -0.227910     -552.254545     8640.229447
       0.560000      -15.382176      -74.591466       -0.157519       -0.792449       -0.248557     -503.884983     8286.601755
       0.570000      -16.128090      -75.839236       -0.165443       -0.615901       -0.265201     -457.731416     7978.853643
       0.580000      -16.886483      -76.971874       -0.171602       -0.455523       -0.278167     -413.848348     7710.849271
       0.590000      -17.656201      -77.995443       -0.176158       -0.310463       -0.287775     -372.260545     7477.346586
       0.600000      -18.436156      -78.915983       -0.179262       -0.179871       -0.294333     -332.969948     7273.889764
       0.610000      -19.225316      -79.739448       -0.181061       -0.062912       -0.298136     -295.960983     7096.702844
       0.620000      -20.022710      -80.471674       -0.181690        0.041234       -0.299466     -261.204581     6942.589685
       0.630000      -20.827427      -81.118355       -0.181278        0.133363       -0.298594     -228.661186     6808.843248
       0.640000      -21.638611      -81.685025       -0.179944        0.214249       -0.295773     -198.282983     6693.165552
       0.650000      -22.455461      -82.177054       -0.177802        0.284644       -0.291242     -170.015545     6593.598623
       0.660000      -23.277231      -82.599638       -0.174955        0.345272       -0.285227     -143.799057     6508.465962
       0.670000      -24.103228      -82.957799       -0.171503        0.396834       -0.277937     -119.569237     6436.323684
       0.680000      -24.932806      -83.256383       -0.167534        0.440006       -0.269567      -97.258056     6375.920203
       0.690000      -25.765370      -83.500056       -0.163134        0.475439       -0.260298      -76.794327     6326.163311
       0.700000      -26.600370      -83.693306       -0.158380        0.503760       -0.250295      -58.104212     6286.093486
       0.710000      -27.437303      -83.840439       -0.153342        0.525569       -0.239712      -41.111684     6254.862360
       0.720000      -28.275708      -83.945577       -0.148086        0.541443       -0.228688      -25.738972     6231.715405
       0.730000      -29.115163      -84.012659       -0.142672        0.551932       -0.217349      -11.906995     6215.978008
       0.740000      -29.955290      -84.045436       -0.137153        0.557560       -0.205809        0.464208     6207.044247
       0.750000      -30.795744      -84.047472       -0.131577        0.558828       -0.194171       11.455046     6204.367789
       0.760000      -31.636219      -84.022141       -0.125989        0.556208       -0.182526       21.145951     6207.454469
       0.770000      -32.476440      -83.972630       -0.120427        0.550146       -0.170956       29.616963     6215.856167
       0.780000      -33.316167      -83.901934       -0.114925        0.541065       -0.159531       36.947331     6229.165708
       0.790000      -34.155186      -83.812864       -0.109515        0.529359       -0.148314       43.215126     6247.012556
       0.800000      -34.993315      -83.708043       -0.104221        0.515398       -0.137358       48.496896     6269.059138
       0.810000      -35.830395      -83.589911       -0.099067        0.499524       -0.126708       52.867337     6294.997673
       0.820000      -36.666294      -83.460729       -0.094072        0.482059       -0.116402       56.399005     6324.547392
       0.830000      -37.500902      -83.322582       -0.089251        0.463294       -0.106472       59.162064     6357.452093
       0.840000      -38.334127      -83.177385       -0.084618        0.443502       -0.096943       61.224072     6393.477964
       0.850000      -39.165901      -83.026888       -0.080183        0.422930       -0.087834       62.649797     6432.411635
       0.860000      -39.996170      -82.872681       -0.075954        0.401803       -0.079160       63.501086     6474.058416
       0.870000      -40.824897      -82.716205       -0.071936        0.380326       -0.070929       63.836749     6518.240712
       0.880000      -41.652059      -82.558753       -0.068133        0.358682       -0.063149       63.712494     6564.796575
       0.890000      -42.477646      -82.401481       -0.064546        0.337035       -0.055819       63.180886     6613.578379
       0.900000      -43.301661      -82.245414       -0.061175        0.315531       -0.048940       62.291329     6664.451622
       0.910000      -44.124115      -82.091455       -0.058020        0.294299       -0.042507       61.090083     6717.293809
       0.920000      -44.945030      -81.940391       -0.055077        0.273452       -0.036512       59.620298     6771.993444
       0.930000      -45.764434      -81.792902       -0.052343        0.253087       -0.030947       57.922066     6828.449086
       0.940000      -46.582363      -81.649566       -0.049812        0.233286       -0.025801       56.032495     6886.568490
       0.950000      -47.398859      -81.510870       -0.047479        0.214119       -0.021061       53.985789     6946.267815
       0.960000      -48.213967      -81.377213       -0.045338        0.195645       -0.016714       51.813351     7007.470883
       0.970000      -49.027739      -81.248918       -0.043381        0.177910       -0.012745       49.543882     7070.108509
       0.980000      -49.840229      -81.126233       -0.041602        0.160950       -0.009138       47.203496     7134.117877
       0.990000      -50.651491      -81.009342       -0.039993        0.144793       -0.005876       44.815839     7199.441963
       1.000000      -51.461584      -80.898368       -0.038545        0.129457       -0.002943       42.402206     7266.029010
       1.010000      -52.270568      -80.793384       -0.037250        0.114954       -0.000322       39.981670     7333.832042
       1.020000      -53.078502      -80.694410       -0.036101        0.101286        0.002004       37.571203     7402.808416
       1.030000      -53.885446      -80.601426       -0.035088        0.088454        0.004053       35.185802     7472.919420
       1.040000      -54.691460      -80.514374       -0.034203        0.076449        0.005842       32.838613     7544.129898
       1.050000      -55.496604      -80.433163       -0.033439        0.065260        0.007388       30.541049     7616.407911
       1.060000      -56.300936      -80.357671       -0.032786        0.054870        0.008707       28.302915     7689.724428
       1.070000      -57.104512      -80.287755       -0.032237        0.045260        0.009815       26.132521     7764.053049
       1.080000      -57.907390      -80.223247       -0.031785        0.036406        0.010730       24.036794     7839.369747
       1.090000      -58.709622      -80.163964       -0.031421        0.028285        0.011465       22.021392     7915.652646
       1.100000      -59.511262      -80.109707       -0.031138        0.020869        0.012037       20.090803     7992.881808
       1.110000      -60.312359      -80.060267       -0.030929        0.014128        0.012458       18.248451     8071.039053
       1.120000      -61.112962      -80.015426       -0.030788        0.008033        0.012744       16.496791     8150.107789
       1.130000      -61.913116      -79.974958       -0.030708        0.002552        0.012906       14.837400     8230.072865
       1.140000      -62.712865      -79.938634       -0.030682       -0.002347        0.012957       13.271067     8310.920438
       1.150000      -63.512252      -79.906223       -0.030706       -0.006695        0.012910       11.797874     8392.637853
       1.160000      -64.311314      -79.877495       -0.030773       -0.010525        0.012775       10.417273     8475.213537
       1.170000      -65.110089      -79.852218       -0.030878       -0.013869        0.012562        9.128162     8558.636901
       1.180000      -65.908611      -79.830165       -0.031016       -0.016758        0.012282        7.928955     8642.898263
       1.190000      -66.706913      -79.811112       -0.031184       -0.019225        0.011944        6.817642     8727.988761
       1.200000      -67.505024      -79.794840       -0.031376       -0.021299        0.011555        5.791854     8813.900297
       1.210000      -68.302972      -79.781136       -0.031589       -0.023010        0.011125        4.848916     8900.625467
       1.220000      -69.100784      -79.769793       -0.031819       -0.024388        0.010660        3.985899     8988.157509
       1.230000      -69.898482      -79.760613       -0.032063       -0.025460        0.010168        3.199668     9076.490256
       1.240000      -70.696088      -79.753403       -0.032318       -0.026253        0.009653        2.486927     9165.618089
       1.250000      -71.493622      -79.747981       -0.032580       -0.026793        0.009123        1.844256     9255.535899
       1.260000      -72.291102      -79.744171       -0.032848       -0.027104        0.008581        1.268149     9346.239045
       1.270000      -73.088543      -79.741807       -0.033119       -0.027210        0.008034        0.755046     9437.723326
       1.280000      -73.885961      -79.740731       -0.033391       -0.027132        0.007484        0.301366     9529.984946
       1.290000      -74.683369      -79.740796       -0.033663       -0.026893        0.006935       -0.096473     9623.020488
       1.300000      -75.480777      -79.741861       -0.033932       -0.026510        0.006392       -0.442025     9716.826883
       1.310000      -76.278195      -79.743797       -0.034197       -0.026004        0.005856       -0.738798     9811.401391
       1.320000      -77.075633      -79.746480       -0.034457       -0.025390        0.005330       -0.990233     9906.741570
       1.330000      -77.873098      -79.749798       -0.034711       -0.024685        0.004817       -1.199692    10002.845263
       1.340000      -78.670596      -79.753646       -0.034958       -0.023904        0.004317       -1.370444    10099.710569
       1.350000      -79.468132      -79.757926       -0.035197       -0.023061        0.003834       -1.505651    10197.335828
       1.360000      -80.265712      -79.762549       -0.035427       -0.022167        0.003368       -1.608360    10295.719603
       1.370000      -81.063337      -79.767435       -0.035649       -0.021235        0.002919       -1.681497    10394.860658
       1.380000      -81.861012      -79.772509       -0.035861       -0.020275        0.002490       -1.727860    10494.757945
       1.390000      -82.658737      -79.777704       -0.036064       -0.019297        0.002080       -1.750112    10595.410589
       1.400000      -83.456514      -79.782960       -0.036257       -0.018309        0.001689       -1.750785    10696.817870
       1.410000      -84.254343      -79.788222       -0.036440       -0.017318        0.001319       -1.732268    10798.979209
       1.420000      -85.052226      -79.793442       -0.036613       -0.016332        0.000969       -1.696817    10901.894159
       1.430000      -85.850160      -79.798578       -0.036777       -0.015357        0.000638       -1.646548    11005.562386
       1.440000      -86.648146      -79.803592       -0.036930       -0.014397        0.000327       -1.583439    11109.983662
       1.450000      -87.446182      -79.808452       -0.037074       -0.013459        0.000036       -1.509337    11215.157850
       1.460000      -88.244266      -79.813130       -0.037209       -0.012544       -0.000236       -1.425954    11321.084898
       1.470000      -89.042397      -79.817604       -0.037334       -0.011658       -0.000490       -1.334875    11427.764824
       1.480000      -89.840574      -79.821853       -0.037451       -0.010803       -0.000726       -1.237561    11535.197711
       1.490000      -90.638792      -79.825862       -0.037559       -0.009980       -0.000945       -1.135349    11643.383696
       1.500000      -91.437051      -79.829617       -0.037659       -0.009192       -0.001147       -1.029462    11752.322963
       1.510000      -92.235347      -79.833111       -0.037751       -0.008441       -0.001333       -0.921013    11862.015735
       1.520000      -93.033678      -79.836337       -0.037835       -0.007726       -0.001504       -0.811005    11972.462267
       1.530000      -93.832041      -79.839289       -0.037912       -0.007050       -0.001660       -0.700343    12083.662843
       1.540000      -94.630434      -79.841967       -0.037983       -0.006411       -0.001803       -0.589833    12195.617765
       1.550000      -95.428854      -79.844370       -0.038047       -0.005811       -0.001932       -0.480191    12308.327353
       1.560000      -96.227298      -79.846501       -0.038105       -0.005248       -0.002050       -0.372050    12421.791936
       1.570000      -97.025763      -79.848364       -0.038157       -0.004723       -0.002156       -0.265960    12536.011852
       1.580000      -97.824246      -79.849962       -0.038205       -0.004235       -0.002252       -0.162397    12650.987441
       1.590000      -98.622746      -79.851303       -0.038247       -0.003782       -0.002338       -0.061766    12766.719041
       1.600000      -99.421259      -79.852394       -0.038285       -0.003365       -0.002414        0.035590    12883.206992
       1.610000     -100.219783      -79.853243       -0.038318       -0.002981       -0.002482        0.129390    13000.451622
       1.620000     -101.018315      -79.853858       -0.038348       -0.002630       -0.002543        0.219407    13118.453258
       1.630000     -101.816854      -79.854248       -0.038375       -0.002310       -0.002596        0.305466    13237.212211
       1.640000     -102.615396      -79.854425       -0.038398       -0.002021       -0.002643        0.387435    13356.728786
       1.650000     -103.413941      -79.854397       -0.038418       -0.001759       -0.002684        0.465227    13477.003271
       1.660000     -104.212485      -79.854175       -0.038435       -0.001525       -0.002719        0.538790    13598.035944
       1.670000     -105.011026      -79.853770       -0.038451       -0.001317       -0.002750        0.608108    13719.827066
       1.680000     -105.809564      -79.853193       -0.038464       -0.001133       -0.002777        0.673194    13842.376884
       1.690000     -106.608096      -79.852452       -0.038475       -0.000971       -0.002800        0.734088    13965.685630
       1.700000     -107.406620      -79.851561       -0.038485       -0.000831       -0.002819        0.790853    14089.753518
       1.710000     -108.205136      -79.850527       -0.038493       -0.000711       -0.002836        0.843573    14214.580749
       1.720000     -109.003641      -79.849362       -0.038500       -0.000609       -0.002851        0.892350    14340.167506
       1.730000     -109.802135      -79.848076       -0.038506       -0.000524       -0.002863        0.937300    14466.513956
       1.740000     -110.600616      -79.846677       -0.038512       -0.000455       -0.002874        0.978553    14593.620251
       1.750000     -111.399082      -79.845175       -0.038516       -0.000401       -0.002883        1.016247    14721.486529
       1.760000     -112.197534      -79.843579       -0.038520       -0.000359       -0.002891        1.050530    14850.112909
       1.770000     -112.995970      -79.841898       -0.038524       -0.000330       -0.002898        1.081556    14979.499501
       1.780000     -113.794389      -79.840139       -0.038527       -0.000311       -0.002905        1.109484    15109.646396
       1.790000     -114.592790      -79.838311       -0.038530       -0.000302       -0.002911        1.134475    15240.553674
       1.800000     -115.391173      -79.836420       -0.038533       -0.000302       -0.002917        1.156692    15372.221403
       1.810000     -116.189538      -79.834474       -0.038536       -0.000310       -0.002923        1.176299    15504.649635
       1.820000     -116.987882      -79.832479       -0.038539       -0.000325       -0.002930        1.193458    15637.838415
       1.830000     -117.786207      -79.830441       -0.038543       -0.000345       -0.002936        1.208329    15771.787773
       1.840000     -118.584512      -79.828366       -0.038546       -0.000371       -0.002943        1.221072    15906.497730
       1.850000     -119.382795      -79.826259       -0.038550       -0.000402       -0.002951        1.231842    16041.968299
       1.860000     -120.181058      -79.824126       -0.038554       -0.000436       -0.002959        1.240788    16178.199481
       1.870000     -120.979299      -79.821970       -0.038558       -0.000473       -0.002968        1.248056    16315.191269
       1.880000     -121.777519      -79.819796       -0.038563       -0.000512       -0.002977        1.253789    16452.943650
       1.890000     -122.575717      -79.817608       -0.038568       -0.000554       -0.002988        1.258122    16591.456601
       1.900000     -123.373893      -79.815409       -0.038574       -0.000597       -0.002999        1.261183    16730.730095
       1.910000     -124.172047      -79.813203       -0.038580       -0.000641       -0.003011        1.263098    16870.764096
       1.920000     -124.970179      -79.810992       -0.038586       -0.000686       -0.003024        1.263984    17011.558564
       1.930000     -125.768289      -79.808779       -0.038593       -0.000731       -0.003038        1.263952    17153.113454
       1.940000     -126.566377      -79.806567       -0.038600       -0.000775       -0.003053        1.263108    17295.428717
       1.950000     -127.364442      -79.804356       -0.038608       -0.000820       -0.003068        1.261551    17438.504296
       1.960000     -128.162486      -79.802150       -0.038616       -0.000864       -0.003085        1.259372    17582.340135
       1.970000     -128.960507      -79.799949       -0.038625       -0.000907       -0.003102        1.256659    17726.936173
       1.980000     -129.758507      -79.797756       -0.038634       -0.000949       -0.003121        1.253493    17872.292344
       1.990000     -130.556484      -79.795570       -0.038643       -0.000989       -0.003140        1.249947    18018.408583
       2.000000     -131.354440      -79.793394       -0.038653       -0.001029       -0.003160        1.246090    18165.284821
       2.010000     -132.152374      -79.791227       -0.038663       -0.001067       -0.003181        1.241985    18312.920985
       2.020000     -132.950286      -79.789071       -0.038674       -0.001103       -0.003202        1.237691    18461.317006
       2.030000     -133.748177      -79.786926       -0.038685       -0.001138       -0.003225        1.233260    18610.472807
       2.040000     -134.546046      -79.784792       -0.038697       -0.001171       -0.003248        1.228739    18760.388316
       2.050000     -135.343894      -79.782670       -0.038708       -0.001202       -0.003271        1.224172    18911.063457
       2.060000     -136.141721      -79.780559       -0.038720       -0.001232       -0.003296        1.219597    19062.498152
       2.070000     -136.939527      -79.778461       -0.038733       -0.001260       -0.003321        1.215048    19214.692327
       2.080000     -137.737311      -79.776374       -0.038745       -0.001286       -0.003346        1.210556    19367.645904
       2.090000     -138.535075      -79.774298       -0.038758       -0.001311       -0.003372        1.206147    19521.358806
       2.100000     -139.332818      -79.772234       -0.038771       -0.001334       -0.003399        1.201844    19675.830958
       2.110000     -140.130540      -79.770181       -0.038784       -0.001355       -0.003426        1.197667    19831.062281
       2.120000     -140.928242      -79.768138       -0.038798       -0.001374       -0.003453        1.193633    19987.052701
       2.130000     -141.725923      -79.766106       -0.038812       -0.001392       -0.003481        1.189755    20143.802141
       2.140000     -142.523584      -79.764084       -0.038826       -0.001409       -0.003509        1.186045    20301.310527
       2.150000     -143.321225      -79.762072       -0.038840       -0.001424       -0.003538        1.182511    20459.577782
       2.160000     -144.118846      -79.760069       -0.038854       -0.001438       -0.003567        1.179162    20618.603834
       2.170000     -144.916447      -79.758074       -0.038868       -0.001450       -0.003596        1.176000    20778.388608
       2.180000     -145.714027      -79.756088       -0.038883       -0.001461       -0.003625        1.173030    20938.932032
       2.190000     -146.511588      -79.754110       -0.038897       -0.001471       -0.003655        1.170253    21100.234034
       2.200000     -147.309129      -79.752139       -0.038912       -0.001480       -0.003684        1.167668    21262.294542
       2.210000     -148.106651      -79.750174       -0.038927       -0.001487       -0.003714        1.165275    21425.113485
       2.220000     -148.904153      -79.748216       -0.038942       -0.001494       -0.003745        1.163071    21588.690795
       2.230000     -149.701635      -79.746264       -0.038957       -0.001500       -0.003775        1.161052    21753.026400
       2.240000     -150.499097      -79.744317       -0.038972       -0.001505       -0.003805        1.159214    21918.120234
       2.250000     -151.296541      -79.742376       -0.038987       -0.001509       -0.003836        1.157553    22083.972229
       2.260000     -152.093964      -79.740438       -0.039002       -0.001512       -0.003866        1.156062    22250.582316
       2.270000     -152.891369      -79.738505       -0.039017       -0.001515       -0.003897        1.154735    22417.950432
       2.280000     -153.688754      -79.736576       -0.039032       -0.001517       -0.003927        1.153566    22586.076508
       2.290000     -154.486120      -79.734650       -0.039047       -0.001518       -0.003958        1.152548    22754.960482
       2.300000     -155.283466      -79.732726       -0.039063       -0.001519       -0.003989        1.151674    22924.602289
       2.310000     -156.080793      -79.730806       -0.039078       -0.001520       -0.004020        1.150936    23095.001864
       2.320000     -156.878101      -79.728887       -0.039093       -0.001520       -0.004051        1.150328    23266.159145
       2.330000     -157.675390      -79.726971       -0.039108       -0.001520       -0.004081        1.149841    23438.074070
       2.340000     -158.472660      -79.725056       -0.039123       -0.001519       -0.004112        1.149468    23610.746576
       2.350000     -159.269910      -79.723142       -0.039139       -0.001518       -0.004143        1.149202    23784.176603
       2.360000     -160.067142      -79.721229       -0.039154       -0.001517       -0.004174        1.149036    23958.364088
       2.370000     -160.864354      -79.719318       -0.039169       -0.001516       -0.004204        1.148963    24133.308972
       2.380000     -161.661547      -79.717406       -0.039184       -0.001514       -0.004235        1.148975    24309.011194
       2.390000     -162.458721      -79.715495       -0.039199       -0.001513       -0.004266        1.149066    24485.470695
       2.400000     -163.255876      -79.713584       -0.039214       -0.001511       -0.004296        1.149229    24662.687415
       2.410000     -164.053012      -79.711674       -0.039229       -0.001509       -0.004327        1.149459    24840.661295
       2.420000     -164.850129      -79.709763       -0.039245       -0.001507       -0.004357        1.149749    25019.392276
       2.430000     -165.647227      -79.707851       -0.039260       -0.001505       -0.004388        1.150093    25198.880300
       2.440000     -166.444305      -79.705939       -0.039275       -0.001503       -0.004418        1.150486    25379.125309
       2.450000     -167.241364      -79.704027       -0.039290       -0.001501       -0.004449        1.150923    25560.127244
       2.460000     -168.038405      -79.702113       -0.039305       -0.001499       -0.004479        1.151398    25741.886047
       2.470000     -168.835426      -79.700199       -0.039320       -0.001496       -0.004510        1.151908    25924.401662
       2.480000     -169.632428      -79.698284       -0.039335       -0.001494       -0.004540        1.152448    26107.674030
       2.490000     -170.429411      -79.696368       -0.039350       -0.001492       -0.004570        1.153013    26291.703093
       2.500000     -171.226374      -79.694451       -0.039364       -0.001490       -0.004600        1.153601    26476.488796
       2.510000     -172.023319      -79.692533       -0.039379       -0.001488       -0.004631        1.154207    26662.031079
       2.520000     -172.820244      -79.690614       -0.039394       -0.001487       -0.004661        1.154829    26848.329887
       2.530000     -173.617150      -79.688694       -0.039409       -0.001485       -0.004691        1.155463    27035.385163
       2.540000     -174.414037      -79.686772       -0.039424       -0.001483       -0.004721        1.156106    27223.196849
       2.550000     -175.210905      -79.684849       -0.039439       -0.001481       -0.004751        1.156757    27411.764888
       2.560000     -176.007754      -79.682925       -0.039454       -0.001480       -0.004781        1.157413    27601.089223
       2.570000     -176.804583      -79.681000       -0.039468       -0.001478       -0.004811        1.158071    27791.169798
       2.580000     -177.601393      -79.679073       -0.039483       -0.001477       -0.004841        1.158731    27982.006556
       2.590000     -178.398184      -79.677145       -0.039498       -0.001475       -0.004871        1.159390    28173.599439
       2.600000     -179.194955      -79.675216       -0.039513       -0.001474       -0.004901        1.160047    28365.948391
       2.610000     -179.991707      -79.673285       -0.039527       -0.001473       -0.004930        1.160700    28559.053355
       2.620000     -180.788440      -79.671353       -0.039542       -0.001472       -0.004960        1.161350    28752.914273
       2.630000     -181.585154      -79.669420       -0.039557       -0.001471       -0.004990        1.161993    28947.531090
       2.640000     -182.381848      -79.667486       -0.039572       -0.001470       -0.005020        1.162631    29142.903747
       2.650000     -183.178523      -79.665550       -0.039586       -0.001469       -0.005050        1.163262    29339.032187
       2.660000     -183.975178      -79.663613       -0.039601       -0.001468       -0.005079        1.163885    29535.916355
       2.670000     -184.771814      -79.661675       -0.039616       -0.001467       -0.005109        1.164500    29733.556191
       2.680000     -185.568431      -79.659736       -0.039630       -0.001467       -0.005139        1.165107    29931.951640
       2.690000     -186.365028      -79.657796       -0.039645       -0.001466       -0.005169        1.165706    30131.102643
       2.700000     -187.161606      -79.655854       -0.039660       -0.001465       -0.005198        1.166296    30331.009144
       2.710000     -187.958165      -79.653912       -0.039674       -0.001465       -0.005228        1.166877    30531.671085
       2.720000     -188.754704      -79.651968       -0.039689       -0.001464       -0.005258        1.167450    30733.088408
       2.730000     -189.551224      -79.650023       -0.039704       -0.001464       -0.005287        1.168013    30935.261057
       2.740000     -190.347724      -79.648078       -0.039718       -0.001464       -0.005317        1.168568    31138.188972
       2.750000     -191.144205      -79.646131       -0.039733       -0.001463       -0.005347        1.169115    31341.872098
       2.760000     -191.940666      -79.644183       -0.039748       -0.001463       -0.005376        1.169653    31546.310375
       2.770000     -192.737108      -79.642234       -0.039762       -0.001463       -0.005406        1.170183    31751.503747
       2.780000     -193.533530      -79.640284       -0.039777       -0.001462       -0.005435        1.170705    31957.452155
       2.790000     -194.329933      -79.638334       -0.039791       -0.001462       -0.005465        1.171220    32164.155542
       2.800000     -195.126316      -79.636382       -0.039806       -0.001462       -0.005495        1.171727    32371.613849
       2.810000     -195.922680      -79.634429       -0.039821       -0.001462       -0.005524        1.172227    32579.827018
       2.820000     -196.719024      -79.632476       -0.039835       -0.001462       -0.005554        1.172721    32788.794992
       2.830000     -197.515349      -79.630522       -0.039850       -0.001462       -0.005583        1.173208    32998.517712
       2.840000     -198.311654      -79.628566       -0.039865       -0.001462       -0.005613        1.173689    33208.995120
       2.850000     -199.107940      -79.626610       -0.039879       -0.001462       -0.005643        1.174165    33420.227159
       2.860000     -199.904206      -79.624654       -0.039894       -0.001462       -0.005672        1.174635    33632.213768
       2.870000     -200.700453      -79.622696       -0.039908       -0.001462       -0.005702        1.175100    33844.954891
       2.880000     -201.496680      -79.620737       -0.039923       -0.001462       -0.005731        1.175561    34058.450469
       2.890000     -202.292887      -79.618778       -0.039938       -0.001462       -0.005761        1.176017    34272.700443
       2.900000     -203.089075      -79.616818       -0.039952       -0.001462       -0.005791        1.176469    34487.704755
       2.910000     -203.885243      -79.614857       -0.039967       -0.001462       -0.005820        1.176917    34703.463346
       2.920000     -204.681392      -79.612896       -0.039981       -0.001462       -0.005850        1.177362    34919.976159
       2.930000     -205.477520      -79.610933       -0.039996       -0.001462       -0.005880        1.177804    35137.243133
       2.940000     -206.273630      -79.608970       -0.040011       -0.001462       -0.005909        1.178243    35355.264211
       2.950000     -207.069720      -79.607006       -0.040025       -0.001462       -0.005939        1.178679    35574.039334
       2.960000     -207.865790      -79.605042       -0.040040       -0.001462       -0.005968        1.179113    35793.568443
       2.970000     -208.661840      -79.603077       -0.040055       -0.001462       -0.005998        1.179545    36013.851479
       2.980000     -209.457871      -79.601111       -0.040069       -0.001462       -0.006028        1.179975    36234.888383
       2.990000     -210.253882      -79.599144       -0.040084       -0.001462       -0.006057        0.000000    36456.679098
